CT1 -- diff>20

150701.070043 000 321 04  345 -442  -23 -348 -192 -498 -458  213
150701.070043 000 322 04  342 -444  -22 -349 -194 -504 -465  211
150701.070043 000 323 04  351 -450    9 -179 -189 -498 -463  215
150701.070043 000 324 04  349 -448   18 -175 -197 -503 -459  218


150701.070043 000 675 04  350 -445  -23 -350 -186 -494 -461  212
150701.070043 000 676 04  347 -445  -26 -349 -192 -501 -463  212
150701.070043 000 677 04  355 -441   19 -172 -193 -500 -463  215
150701.070043 000 678 04  353 -449   14 -176 -191 -500 -463  213


150701.070043 001 028 04  345 -443  -24 -350 -185 -494 -461  216
150701.070043 001 029 04  345 -443  -23 -349 -191 -498 -462  211
150701.070043 001 030 04  352 -449   10 -176 -188 -495 -461  214
150701.070043 001 031 04  353 -450   14 -177 -190 -498 -460  213

150701.070043 001 383 04  348 -444  -22 -347 -186 -496 -463  214
150701.070043 001 384 04  343 -442  -27 -352 -189 -495 -458  212
150701.070043 001 385 04  348 -452   15 -174 -194 -499 -460  217
150701.070043 001 386 04  352 -448    9 -182 -197 -506 -463  215

150701.070043 001 737 04  343 -442  -27 -352 -187 -494 -459  212
150701.070043 001 738 04  342 -448  -22 -348 -189 -502 -461  217
150701.070043 001 739 04  352 -449   11 -174 -188 -497 -458  217
150701.070043 001 740 04  350 -447   11 -179 -194 -500 -460  212


150701.070043 002 089 04  348 -441  -27 -347 -191 -497 -465  212
150701.070043 002 090 04  349 -440  -31 -353 -186 -492 -465  210
150701.070043 002 091 04  355 -447   12 -176 -181 -492 -464  213
150701.070043 002 092 04  349 -446   14 -173 -192 -500 -461  210


150701.070043 002 444 04  347 -444  -21 -352 -186 -496 -460  217
150701.070043 002 445 04  345 -444  -24 -348 -190 -496 -460  215
150701.070043 002 446 04  356 -443   12 -175 -190 -498 -460  213
150701.070043 002 447 04  345 -439  -26 -350 -193 -499 -458  212


150701.070043 002 797 04  349 -444  -25 -349 -188 -495 -462  217
150701.070043 002 798 04  351 -440  -22 -347 -190 -496 -463  211
150701.070043 002 799 04  347 -450   11 -175 -184 -494 -458  215
150701.070043 002 800 04  352 -447   15 -172 -187 -494 -461  213


150701.070043 003 153 04  343 -442  -27 -351 -188 -494 -460  214
150701.070043 003 154 04  343 -444  -23 -349 -185 -497 -460  216
150701.070043 003 155 04  352 -449   10 -178 -185 -494 -467  215
150701.070043 003 156 04  349 -450   18 -175 -190 -495 -464  209


---------------------------------------------------------------------
ST2 -- diff>20

150701.070043 000 209 04  348 -442  -25 -349 -219 -524 -463  215
150701.070043 000 210 04  349 -448  -25 -350 -220 -527 -460  222
150701.070043 000 211 04  348 -442  -23 -349  -97 -246 -462  214
150701.070043 000 212 04  347 -445  -21 -348  -93 -244 -463  215


150701.070043 000 283 04  343 -444  -24 -348 -142 -449 -468  212
150701.070043 000 284 04  348 -447  -26 -349 -146 -452 -458  216
150701.070043 000 285 04  352 -441  -26 -349 -141 -448 -462  216
150701.070043 000 286 04  351 -442  -28 -349 -145 -454 -462  219


150701.070043 000 564 04  346 -445  -29 -352 -223 -526 -463  208
150701.070043 000 565 04  349 -447  -22 -348 -222 -528 -464  212
150701.070043 000 566 04  349 -438  -24 -347  -96 -247 -463  211
150701.070043 000 567 04  349 -447  -22 -351  -97 -252 -464  212



150701.070043 000 917 04  349 -443  -25 -347 -222 -527 -460  217
150701.070043 000 918 04  348 -446  -26 -351 -218 -526 -461  217
150701.070043 000 919 04  349 -444  -23 -348  -94 -243 -463  215
150701.070043 000 920 04  353 -443  -26 -351  -99 -253 -464  215



150701.070043 000 993 04  349 -446  -21 -347 -143 -447 -463  218
150701.070043 000 994 04  345 -449  -24 -349 -151 -460 -462  215
150701.070043 000 995 04  343 -443  -25 -346 -141 -447 -462  217
150701.070043 000 996 04  348 -446  -25 -349 -148 -455 -463  216


150701.070043 001 228 04  356 -445  -24 -348 -210 -521 -460  213
150701.070043 001 229 04  352 -444  -25 -350 -221 -534 -464  205
150701.070043 001 230 04  345 -451  -25 -349 -218 -523 -458  210
150701.070043 001 231 04  352 -445  -24 -350 -214 -524 -462  219



150701.070043 001 270 04  342 -449  -20 -344 -218 -528 -465  217
150701.070043 001 271 04  348 -445  -24 -346 -221 -526 -460  219
150701.070043 001 272 04  345 -447  -23 -351  -96 -240 -462  214
150701.070043 001 273 04  343 -443  -27 -351  -97 -249 -461  212



150701.070043 001 290 04  342 -447  -27 -347 -104 -302 -457  216
150701.070043 001 291 04  347 -440  -27 -351 -109 -317 -463  211
150701.070043 001 292 04  345 -445  -20 -348 -109 -311 -466  210
150701.070043 001 293 04  352 -439  -24 -352 -105 -314 -462  213


150701.070043 001 625 04  350 -442  -28 -347 -221 -526 -462  216
150701.070043 001 626 04  347 -442  -29 -350 -217 -524 -456  218
150701.070043 001 627 04  350 -439  -24 -350  -99 -245 -461  217
150701.070043 001 628 04  351 -445  -20 -347  -93 -249 -466  218

